26 17929
L 0.07148994 0.62524337 -1.6603321 2.40049 4.4358153 -0.24016298 2.3322966 5.331956 
A 2.2099805 0.699868 -0.012531557 1.1285853 -0.8726238 2.2561994 0.6148312 1.4602939 
G -0.30729395 4.9607286 4.1557446 -3.356721 -4.963835 5.5455003 -4.1827774 -1.9887472 
V 0.15025496 3.3289099 1.269532 0.65106004 4.5603075 0.49826074 -2.4737651 1.8435824 
E 3.9402955 -3.4024246 -5.321349 2.9726868 -1.6656256 3.051845 -0.47016907 -2.034173 
S -0.1352876 -0.8050739 -0.0013694932 1.282553 -0.31508714 -2.2847373 -2.2262669 -2.4545107 
I 1.3552612 3.563766 1.3589492 1.3008014 5.193931 1.6874892 -0.55150545 4.113697 
D 1.9434177 -3.3546362 -5.7617936 2.6069968 -2.5501394 4.1118355 -2.3041918 -3.4697876 
R 3.1896803 2.4547114 1.6514723 -3.4660027 -3.3937278 -8.251291 3.9370327 0.96532667 
K 3.698428 1.7221872 2.641493 -3.1590476 -3.0304954 -6.558213 0.90413904 -0.67407113 
T 0.31948227 0.58199084 0.5064718 0.31160238 0.36561546 -0.6706188 -2.966387 -1.6906981 
P -6.0594487 -2.1155121 -1.2074158 1.6203785 3.6937752 -7.280557 -8.199489 -6.226247 
F -7.0347476 0.9175563 -2.9819252 -0.43129703 -0.34339568 0.4665898 2.5284522 4.528853 
N 0.6613987 -0.58225846 -0.61322117 0.5129305 -3.1728544 -0.5174697 -1.9070145 -3.4250343 
Q 3.1052723 -1.2480637 -1.8610281 -0.1004719 -1.7681923 -2.5023715 0.16514876 -1.1799965 
Y -6.8720856 0.7801012 -3.709306 -1.9355578 -6.137039 2.4848733 2.4455783 1.9880054 
H -0.6722714 2.0427647 1.3804203 0.86821014 -5.16788 -1.5894299 2.6297135 -0.7989944 
M 0.711191 1.3715434 -0.42631832 1.7025996 2.9235096 -0.5122733 1.9957739 4.3589296 
C -3.4385188 1.3733419 9.84716 18.027016 -3.3900468 0.008260383 6.071664 -1.3259103 
W -17.595076 -1.3212138 -7.4025917 -6.2906375 -7.195866 -0.8332106 5.472282 5.7732725 
</s> -12.492857 -22.483166 12.516011 -47.75963 50.411297 27.661043 52.56827 -55.20297 
X -3.303034 -2.4790268 1.6235372 0.91505 -1.0041591 -7.546696 0.8509782 0.12155456 
U -1.5395459 2.0550451 0.37111738 2.2933297 2.9101968 -0.2921439 2.8613822 1.4121213 
B -0.03879211 0.18782596 -0.5640877 -1.773956 -0.71935713 0.013323364 0.44619682 -0.3938205 
O 0.034571003 0.06476976 -0.09757492 0.39448324 0.06578963 -0.33877802 0.3280018 0.021916257 
Z 0.22040044 0.34853503 -0.09970539 -0.47670388 -0.03130271 0.1574341 0.109063484 -0.525404
